terminateReason = "found primal-dual optimal solution";
primalObjective = 1.154096944281685806292915569848837654959050708267528660802081804833099742668119227568387644427589997516235806213300104369757474921998439359359307920548468296386881458945253472765193376320026860323838154226621718114414264856104602396352077432494981829565009655144380396250111946087104038198013697115026625030293;
dualObjective   = 1.15409694428168580629291556984737564660633634810708805426332725523309941193701283855040801216435293210841300153919432805636705211386183364903452923586839595268067791354272958612824967151738581268623566466822725217014147120392513827133217554235565178580597372924918475943733391962804010368846279019498266607008;
dualityGap      = 6.333992824252383538457717787520151690195987772081152498896916965879454188950258188478465509664195564254701381727658987595877595628660208521710417501666945959426047780751434560772932697983203390572842585017239270409717682412475483799631178918551788102019772277875377072981208535450749468582294449215819434724353e-31;
primalError     = 1.563123118045627507657167724665436903473653426369198886200218788478437130258129538897079167996889039427466146223033667527711218946644669352570797293874196350832913186759326363022273342532663815959487676200270679706927273433796741858218944209459384513666621378637566737439665542898063644320730439417868783463255e-287;
dualError       = 1.028459942995581018470445242213401852933399840128792145503758836722591099302004536795529159433761114499917182901542222181752625572724850828112260411264916550807621949823275625979294670348632641121441589587362426578580056199128575348106973354870514975427291991147862276695872131695303708773217831350145524409193e-78;
Solver runtime  = 200;
