terminateReason = "found primal-dual optimal solution";
primalObjective = 1.154097504472670863709758191868369461162277382292389054720922370452808899690058290163382913752622197834915754495394769184534162783251996075487261415200121676414224923899187079801592964315145190401647070245020378365582776798664202862769811657764666546253974929297811373278553942776815362736978212099397880724852;
dualObjective   = 1.154097504472670863709758191867228216262370493787396085101229203463515829817910075828551524782720608469290717172886608309317218373513385942164837792634456304602185637417108745770462167955746250083931115941233900941945148296457172291639570956935177826428943044943701924093128981689967484543212562034708289407331;
dualityGap      = 4.94431750993320551977334396627177474221557490692303149927379445256083244510678877572422773190784696031233185201746262636640032512189217844339563663390778169899542758710899465073519899294404195674047088300733715685601436118055850629395448145514384657847307707947694459490173154072971107367422211490618744690345e-31;
primalError     = 2.126637379431992680022123513079869602128658532568516718303798052739650496878071973043945458846502561248615237396123008984360091311065499655805741621456865437107084829639204243222483050723166253230154413754076659311681022205075244585397314138227080395646271562449939207206226668977912169813257719506460398168421e-288;
dualError       = 2.025136428118831516164119775063674046622237801659055899573331968671968687924430347860475022372713217553981956209565997248689711275712709696594788124761009782667889006347887699443162153983132046926960922060880670402634541987347687496873918124891771621126990980926073432593521582553932877283091189707568528363238e-79;
Solver runtime  = 163;
