terminateReason = "maxIterations exceeded";
primalObjective = 7801745.856739190400546091566914968822552434033534739816961836207298841408622879023512071310346011986270419122249910812162070165797023232876615870050643524624607994782265015883313912573816735889851747409584482642719368975443419603109693157623189945626360002342727865129710190611995364007576642956370899285703314;
dualObjective   = 1647058616921257501993.236962916694347088759629623860059888521303941024816991184381908172355975080447960791822000185108630366436254574228494114434929013868184905328568643813102805991957307165327189275166845514676289026353490611801471700712878740265535441052667645783641009005955794686803088864368927511256172417;
dualityGap      = 0.9999999999999905264502713055063895801011721137143254959742513890552102243044416163427077792120051677452898053818071836928348122886028870285541062532313145734842498662170517039825894222955418297427994671797289962601327628693337901676556817190938857903920988647995008195397707639290058470943119505033064469969551;
primalError     = 15282673647706731768.17580495781864042918432526923205897567265281131113424430487978750275658630173036384348936269342340559697482770498661516148554820964243058171900000066395281088827241336619877667422327082601139148831058164125402122426151133792572964019119170778993250917988741071630745649871366255057769482387;
dualError       = 188302715474855860934.0352902217911621107664460624710853600233987174654683250512441615800132042166650315797243942590326113742450251484614939542225862585416364192083344940280065509115996587878727930639911472321995944380011968962797058319631651244049796994010030719187063368035968348289987374403277722653263540022;
Solver runtime  = 2;
