terminateReason = "found primal-dual optimal solution";
primalObjective = 1.154096819648089695213739147144577956725451440835975152314290893565768121201700266909896793132003566383918197600048030350642706494130603052790373479194116920164985803625421976721139776307683138513648868889059011045073200496805590593695390085320236386231600057891499117568828027957128885203562508777970342742247;
dualObjective   = 1.154096819648089695213739147143624655567659389921079204188108054626515346521432597356588926349299043586442919290917705622069344499883652095894517769810653279294081589150920495322890712402216347024747274749464044968181176371854782914364722323347657778742046866914490537685472256875245403041097587190629292614828;
dualityGap      = 4.130074451131119426676214108726890491915436768905992460182448786397853376056605459685546126993914149012671031992150045474642824631541758451071358714349693637283330908059163941685909850552164635142157215135204364883203189049426858880900521360172947374573709037745933531891295712975338150976713163070074408183512e-31;
primalError     = 4.829133421964641841755309322244449850676569922796910330145650326055721964987517008417447097083827980705709449101760296519757456671673513310752925080294897600470655748812342957898159893248325329957793170660505489416945792016206943999598618820381800020165333650320132142628701507010027399834455214157359043501344e-304;
dualError       = 1.576551296343170658217935995175972513860393352763925396581038129715579419789138426358321598657601160447851487341632979155698897851439114261483200222077238923092063042651797408918545446903453589024955043297609013055831906183283232004594125940315788490613280686240786599209801793902609486480009823818676592341511e-274;
Solver runtime  = 62;
