terminateReason = "found primal-dual optimal solution";
primalObjective = 1.177652054677042259819365552184738256299988754647207543176672321562602525477683272893818356375437257856756752301659817176447690543326303367147133002416241667027488534566773873814514331634680519071955186219993493926061761149407605620245648381130145314069173661742911897755707154133042053480046826496056560609532;
dualObjective   = 1.17765205467704225981936555218300872544663658654827969568244179843282364140440413475164703855756107722735681176687298869478408022729802227181509075958779004048954716927880566770925335168189594015894180728073848721396542449338319355234048480375598908530931258413192392657353107043542924270945724397240651651989;
dualityGap      = 7.34313181250497775478714838720492543678434624976719386969652681611785132260388988964551433633911880674275158602900023030769074865626840329424942390093500931221065824450905339351667155320006707416514852260005153523835303766145336943295393057014879789624921465533178459275607740190505452353669529940743836545938e-31;
primalError     = 7.387245210243908591859572621543581493207797055134941677437047024065518723582208410236220087921536588272703567907038892537106081416357487561401961119454026486154182938526247737192305689509377671758779595955849112397571805832678080047305087709752030717495724243633022111217116792772184335272547342449832179247099e-306;
dualError       = 6.865437565631895864533277971120540205340700441245998764483632169798338454474424518154926660147416342884819789050237587633574791936682703957751990908807130412855878394580094760707297632351918315954290989474218606680752285948762064748836659058143366675352857217699805585474114827631767961389962145536422591529916e-293;
Solver runtime  = 32;
