terminateReason = "found primal-dual optimal solution";
primalObjective = 1.17765205467704225981936555218473825629998875464720754317667232156260252547768327289381835637543725785675675230165981717644769054332630336714713300241624166702748853456677387381451433163468051907195518621999349392606176114940760562024564838113014531406917366174291189775570715413304205348004682649606160242358961468227211533052191755542528314991523500485277998011225739467448825661622848240034184928730587558951284049745613874084109221655179989196617023245807422361120454329141710331429856213689335828463110144266703743428230066873212122250720953690704221210854545124136497216427325690119358288760218459716724817266013;
dualObjective   = 1.17765205467704225981936555218300872544663658654827969568244179843282364140440413475164703855756107722735681176687298869478408022729802227181509075958779004048954716927880566770925335168189594015894180728073848721396542449338319355234048480375598908530931258413192392657353107043543870309556697612397014852407093472594761442014069304973427265156633653795855053515705839809496431848564751893107489096432355863103765132324875461951785727794245188082861751835794706616463055900909699510573979983507420102417967827116736469528874249133894779309368240096197023796300942561862424670615506292465962405808611006712255959792777;
dualityGap      = 7.34313181250497775478714838720492543678434624976719386969652681611785132260388988964551433633911880674275158602900023030769074865626840329424942390093500931221065824450905339351667155320006707416514852260005153523835303766145336943295393057014879789620904835123474569564691488982467524090064895145030848328762534920948223389875709278835225605176607854982827336612144154243884627517666108769985089879009928124150729059546839055329373673268341699638326304525809749637707381942588589225159683985493605765026440211441936873181568066122915261366299499240780573043383997755640877923000571149481255744037815734780417541755237e-31;
primalError     = 2.37212567992348450598310857141992027479403366255821727062841187806916857817229690376144216883002875904113488631361302888923397993834152637291213759101515281376763441954660788877689505724458192202132582869630397274688169525756056065855319313366625151867095483743827200147249793151487753225867987787241873377309984433334886785239818413978315911045928058099222048625441222338409090845407763389793343685619650303450523546201992449374683020481519742015770692272045604200772108011174108394383649339067911523162175606955228742205487034577318845091457378546591902611606222076120867891460955692713518244875621276748673743400017e-613;
dualError       = 9.46728278484697564358011563177221914422310207971232326982607507302914719791552583582483236125442919822981656418658539679571466715718844358764039777167071799558413633291934619140547092297501074641911742358072783063506729680090963968623941605660251583540697541208874443031137659694460126747133642626134921039051157795164108593970828922959123557386062744369718752409147375305261325055290211622523460551615366987394677615557854204081325393543452297252006247161989117789637216364656180048568596637896936392348796888837579563927068731204350503460170647246649568182534921996964646396944149450071488274052757800975345838448873e-601;
Solver runtime  = 27;
