terminateReason = "found primal-dual optimal solution";
primalObjective = 1.154096819648089695213739147144596923899635448931698622193901070684424164127170168116642200527701301979116377774480381394276177395474734621269052709111875839832972752414178760352694225665720606223346788103539773156327410314970056271923303299027490733279995490719944120190953807876109082506568172578512737124222;
dualObjective   = 1.154096819648089695213739147143665351981814362573808887324450316010806166081976245129460932409740768287107385469287225643250689563777079893925797559443758543379425831759137459922724891260393325364369213592420044483919990095981602503546604656166691992548992662453789344273505774128755106546041162485465700960614;
dualityGap      = 4.035934862489023110734056310688538174236368419301361097784758004383526677674172794050517474266485079326516841141502541717196542265895435336335266602303885036057702819982666303237998596495086318413709624782612275042457678168731666083298356686746019564775126926758152485413098993947145533773691773961790069916127e-31;
primalError     = 2.650062965482076847260467166342893240485086232730637210189012953512660481863376571262451242383900625491804201619663650907136549086410170989647510750984863115966756590296614775601215685604117110561658583970908521947442174923710720884439867307926104995342592642821364257367345210901105886539037314716189796832318e-305;
dualError       = 8.233722237680759924481040829407842238274884557720760429799409528579296004152258308689597627229691511034664660631435117327739496160040126009049985330123175790313869487456149612178690997094109944878708821750100024222981606544175328262388821259388351352691005414928380068186004547115276503803711004959626056116692e-290;
Solver runtime  = 43;
