terminateReason = "found primal-dual optimal solution";
primalObjective = 1.1540969428312073753381569524614979586268254065373208384326387206271763958696486083180676930274755624634501976246972056265584235317387913707775864952830632311482798227601295587215197196912028530474413157757402204394236537528756395850099442259704588035122693560985542039967290763576906084148777639000826640942;
dualObjective   = 1.154096942831207375338156952459494473121370757475992298941633111510359218765714146800591533707536451060206908315411212914878856007666518608264426872559790590476474884561424750319173796964824481389839483158459690467108855106620860051509389226271556459152988922310992321721969442357940689729989362361381456683068;
dualityGap      = 8.679883946922772240463329734832157920601303693529786961607633740807554129849518670055619065069504977761066883439409509612774900171262706299794146187953254870635551453220583530390979381811018465997594586998581262843393465236008524536404571433616227516420138039138586645643828660079255321543732777310156105019844e-31;
primalError     = 2.857344203231843509724983225830980047197338225896892237100428472574480498541756483001058951606511638409098765898111320519082076988053410882120418643628315999799820270216458140259169821182432072418372335094150886163834445992120137181984157467548996576118949544358470226971354021227497044215989541816473095412144e-288;
dualError       = 6.282068812859923653571441266476865423383251303340901027112928267727558718438090689517567604352184322964370645027262382978964630216893433035962432101329438220801533084655333996988685272912419638812043300582673666867037859554341496412254248589960892330351150301523390264250914136111593273553047073382945774700942e-258;
Solver runtime  = 141;
