terminateReason = "found primal-dual optimal solution";
primalObjective = 2.086956521739130434782608695652640909701054832668882923861658207135213323293974349401518718035132442664378846042841320964002531176397309507028003376435760277078367261536682006725488442259801895941323268360541117405180819945816041544609376222690813172861898251594364623059616108866808836453504320675460335706012;
dualObjective   = 2.086956521739130434782608695651239919769309748746360187008245029095643866440831584545998094976728350556654510586129259542954049535491943508906101913396202754448471641898429177917164852490570020695598543484989399022466939281145357811989357097088949839211886797939238692048363359010762951951615050511226991911382;
dualityGap      = 3.35653837813926356437739037796944793144264867734358062827619478303250162778442537310269078876898944692850831466981935384086556959209771940489885012937384951645015118340052966454552124305152576949680431939470730881093343806148934966870986015538815563646366746911837595546678504717542495096045712125223860450587e-31;
primalError     = 6.118953110894803803498139972664111176602843946271412534021650396439812195738275038599278687284405306551185184260348480264169193944272015299354034059788726758109639482213006408818927905467104999197784303879091885269073031939718289195809937108981350744913627009033376748749117825338405699397441322812360991846242e-308;
dualError       = 2.038769759122593931575123349646640844177257154249073677759368665308765726357853732643624839762655363097240565568963556914307453169911930109592992414447457166783504536595029200843420199936824516421865506777740533819914659707123377633747282411602240541858866652802080285067681020426064912541912532924885874378337e-306;
Solver runtime  = 0;
