terminateReason = "found primal-dual optimal solution";
primalObjective = 2.08695652173913043478260869565264090970105483266888292386165820713521332329397434940151871803513244266437884604284132096400253117639730950702800337643576027707836726153668200672548844225980189594132326836054111740518081994581604154460937622269081317286189825159436462305961610886680883645350432067546033570617923057210476484781154749460497459839527319656112988055284887124864309176472157223690538542001315319375016485583755813933865952503891777163711783031456700485252661309803481380278814545205933272851772030968593046374080966529345521904031958564483740282957778455083798740009307612068615970794301253276783969088454;
dualObjective   = 2.08695652173913043478260869565123991976930974874636018700824502909564386644083158454599809497672835055665451058612925954295404953549194350890610191339620275444847164189842917791716485249057002069559854348498939902246693928114535781198935709708894983921188679793923869204836335901076295195161505051122699336931423844786948773647438324709096915542160873233278780365124712233479467156622282774537634558833061103660427142911857714754494175382506192893655865972773858075644485809528760016396635732097495089349874541882880202259944109216366614184625707553978345629683193224440845059676651797245662041569354191862412932701515;
dualityGap      = 3.35653837813926356437739037796944793144264867734358062827619478303250162778442537310269078876898944692850831466981935384086556959209771940489885012937384951645015118340052966454552124305152576949680431939470730881093343806148934966870986015538815563646366746911837595546678155461418853104410429193142437983529880960774780435453715099744037450040874568870629912773513084235559499744829818324751469540115668724679053145735014953377784273336935410154619071174342600463069511927750310060661333826553799116881477688503793393789633359947094743718740137542526306746211583633141846039380937135880913000554829835157291143545418e-31;
primalError     = 5.2603882805503830683163117289510363516173457166044473781219673789689363199750909684248000091456416519305104444731830799787343671995572591102930262258358463128163038262838943528838006748184049927423087774376686064045119774821979560651453539358630675472744889429233790797068177453369316525433808927512546926875420497869724437112926076671424086717724719380208385424373868767974883177301486793979739664173415799095472218698589507427205992019121257686774090381225871007215312238324547909007592470182030992613579250172696172938863547975664236453884365187738877438002945151239952441362330377982387296672130990147762244166453e-616;
dualError       = 8.60043095095993872055642994955818490423462769287946615735465961778698353419740169022363172504665066226416101461901187298316363222882092044864284963334670986471686139440351828919783061472090792108666617442818835383939252926217858140965948643018050842391066547623438845055336361889577683518684231286235856589016796294034650976639115926233917619198334711605429371945154706896682368314056371230956183155738586429773002985998355516882007113267777662726056389895650758640271438057682894114857606803405500156050375123626350649861351388441425563157925533978260420858329719478476402704447413734108629535043709375477007580091935e-615;
Solver runtime  = 0;
