terminateReason = "found primal-dual optimal solution";
primalObjective = 1.154096944292498825042804741637106866041049534326491039670397918176579521077696589274955314134606512889840265420003217468652717840228926058285080398025161105617554863976253565120837565723708195778295216342525099741425375483445772418609939759605648891532731683824222207146662631598605224763123600882384291583775;
dualObjective   = 1.154096944292498825042804741635564312374315545444032744278366789334703137399280509448638903014350762074443194243584794491387367209197649060486415516143243265010368785178337773136754210196062444606732769936755432736531768830514688015797229576874052727398163144575184787390761421576033584097466050674741404747225;
dualityGap      = 6.682946672558895851945240377030229171149458083570590383577992615736881520569724606418429881563668152303015361081716954591090317596599292923919601930127424257439588789023818085156600975059764182931749441853511207670173939859869661179189729626920910998582058454212898263439462062879627526676069678154451025620879e-31;
primalError     = 4.970805306009162072553736941080020892991781139710405220230396337980219163399879396787463030845417725808417129775174407278267292533187031123373997580260591760250758830257306371456715205034510729127664690269453233347663239105898389871581397735942294844508985809088827188115277448297413393925364669445181467720226e-288;
dualError       = 2.007471803493579717389051977479907665378306635008271091321071312063290570499842381915500350644537768483416741716548678160446222582071323597353130113895974885894111267967150660458716086492975697973288179451758700195837902992076887765016228405366093512286796324467239772749508884472126271792278597275836869645715e-78;
Solver runtime  = 248;
