terminateReason = "found primal-dual optimal solution";
primalObjective = 1.154096944249807740397329422291397581071630530179627641879520463472394907799321794201573722718812626566930746170581077077762678123688814315192473591499969068403899403928321877737231179927652706638735791926875720339295777212715149575019589971460306003342087449886425423909057643022563749186500434284266522987967;
dualObjective   = 1.154096944249807740397329422289122130965150181984256373574677896084698471305931024452406059326472429218530532854752781157735044568624228712083662985413193967359389491341006173599539275166606952637981817477358119703521610895367568740339213263591566313769547859245318669313556265317073419198849476844080517819913;
dualityGap      = 9.858141111184764580186997921243409292831843235410200258125044486830562835992101290355675644299744437852284460393586763716581527908905546617221265950574369318838736473897228860152996295700531998289351268020377377967925182310490194289457928031917171925357022838957972726980819705143402792933450589305068136741877e-31;
primalError     = 4.824629236099142807287277197050224341870800668262901746400228430624163326580913669628798113337850389323621754424598005653563625557453051759704092167846172976106556897061986871691292189129919429635404959168720946346157143772108231784035536958811897074587272255837174813312841345758783419636217661675729338528686e-288;
dualError       = 4.054726241176890474817925380471562306902822954648496696065772411441114812739426514705525168232179088826666863530862893951885404372619732018074908894502476919546319690260399179566591134278005619535248271670136728357550637808541655863506435938312513444558818908116355763735529603727726030869663152564208929998513e-79;
Solver runtime  = 156;
