terminateReason = "maxIterations exceeded";
primalObjective = 34348573133.36474680199116534683751554795359840664555501293563602646198937738296636791380172255862695932142674053234674163323066991282210923483070366615328765145103458911495393803770050218902092546505062304451311278292422081649533421172456255781991852504237234647774147248945723032306862385096705622351433926822;
dualObjective   = 1190951427526607286799.953339725788428209200799736157209268147051191195872654997636582041140733138238994833059026430484194897870429073286103946386817289837339197688300050656128395396719980445926799121335514292417547007946774454051007034550072148825805041420093329702842412964069679079830006491800135129182960063;
dualityGap      = 0.9999999999423174239713370656512469888920626629268711165142516099568778404974979296125631526546236317306729513276724679346007568139514751453354933499406577506787772898632957872410533293051749490904917012330125467737014597892261227060993266461132183916274702682942709171711586797077087968963122535531761423403626;
primalError     = 15422486773564394851.38270504387180347873653207963088031354755010831194472443580357570665735034924378825281949465785473826805628707013272427841469493194952706563562372266865089607281799410409688893484295470254929879554320252646409962763545566890240287521140954673088965444386141713738308602065754219448502016162;
dualError       = 144145873582993519239.542693961813487845884301654548207876170476525208702994827894056915724298689944974954467658228097056148608265066211146318045832777510964531689055871501099395792307914950221615799496974840792798898295921272518642004941055513618440145122295124928102253819084894675434581332481493343134491171;
Solver runtime  = 1;
