terminateReason = "found primal-dual optimal solution";
primalObjective = 1.154096956157486477312336366689559514924971095037201605489586936204666390378678996874383520563018386458457041237930956505356011287025251597236654122096783120312397052458479343012911104775559918123594347380080307076685893557792207213214708271678912449604505869231182531717454974586289660949161409382529460260237;
dualObjective   = 1.154096956157486477312336366688327588176382362392482073003508072911645170579834333990451979079632369832905069545786290782299998749044809370289337774545813936692938854522247357096150178919813194591254156705552515535570760288598563449188988384596194539445379038692720445244414736546106885949190649693194934809522;
dualityGap      = 5.337189141761438028532502009265726551558930725530827928580476378024471531582633180534539294609500445471032876238401298947645218516176671882321185353452521348866325125057437773017131424387541652482932078708935037806254553754799802811365959255298322616834471705165653228358104616169598062576084240926122534805802e-31;
primalError     = 1.215844443955338366154665452000785035718394213845535753081380271028592375375764727861029290917028856895175836479780080761696495081461836125943279751797347467086620661902702948740979465509299093733337062692829077597889148493907831414748848612165925589703335106564464026468084329156867510776879557554302697753673e-287;
dualError       = 1.003496581683088419728350624228977002010810680725385168212594789143630765993533475573649406346360952453162811975644962603664717552367866579793023111905566345596844927836942819028295171573284327794695470127607478595706336244719639295595646507445509235600751988371389092232566843893881770917982890920206362982867e-261;
Solver runtime  = 109;
