terminateReason = "found primal-dual optimal solution";
primalObjective = 1.1540928962920960856193491532404265014033184130382142840473648464108270982146126907922522987221594974299766008174037163686941449483616499019546693236351041269150970556982433765323106373225790978346905441592582749242973920663997014737068047511014085971990672174358772709528858914140451657398047969664332734972245586842153352468702106107475353273981712863777283699355816760328187846697450265143182715357538501135182215322542955659739545909034206920536673424597534880843807422993562835105632157862734809909119254245977167092902751567175796700646430079432695916435191234382559886635618669851564045426883359257408711992668;
dualObjective   = 1.15409289629209608561934915323840115837454486962543609503736067345243862177776067086786450023003643727753627546962634756073065719662734162750698639187397321911549638310052283911956199357692323131006147351868799083642096033954298408387723251007867906058895035951494198584160453178163717625357016434903751442967706463094741335736978711830896089203184400354934764289316784658614544267806648721510554772887047127893278105767199056402454669056650950067461357044452128551676254094766639479634394424451229115085252045835205946937826270833214229736183367371912743018535843426402137930252108753817996234921470063448639725800958;
dualityGap      = 8.77461006510232241394752873920461339094517437755984829694525579308145092420830399631821558708757379790559092626365917078891971474292721876398646029150029445923812100615023564820259296697726865301707675934240434938071539934323500399588419079522514368949879635679820474552667751811847790164057221050346185868082393094610253385902921323795270936237860046672683751524897744144145160670926725590164427116287800912287722793052863223021386905709433590598098180540052889157268206519044157620843252933910592717358718054760717610072670462465116261227923520809592367152309840818537060432559716997967043468944525909948788447520861e-31;
primalError     = 1.47538419539201332174895143080226713673597084569235324111091414487787578668477845514408508491802467037674551760283158384344738016514641243752218523792854795408871392021891813379705656573730323561148989710722375972568900639030116791285959103330559447443557431057992185012012394175097000701922588803752837498436473490495791833032018549158441203217712624708725636296126238991590731170219699431585528658105203841227771493385220453772304805851276562735611095845697031154354475736665555547146000528134072807518556391072597266219118468675274752595365090126552333896704730871242407788479759554247072135607482682955606105991558e-613;
dualError       = 7.2246360491263940773486242878463974667932338674655659038198037668844729061825885389492011767490734843606340336195937959131305016952641086667650979868945016970351410441988046497894811805009935535342359502121877447219724500811728421787996628683504849407265695566396480564393803556390694493987818131122027552775977121349413042281510573082523169432326484018534694362576223925684300197170732124391343426293940311397804358987556015370326575536616077779924476630534014032215974780236210912475798377614075733599733706438717984522858243941824529053202071599411949010239101048167990066059638154983793062471666008933718995119942e-602;
Solver runtime  = 34;
