terminateReason = "found primal-dual optimal solution";
primalObjective = 1.154092896292096085619349153240426501403318413038214284047364846410827098214612690792252298722159497429976600817403716368694144948361649901954669323635104126915097055698243376532310637322579097834690544159258274924297392066399701473706804751101408597199067217435877270952885891414045165739804796967489335905308;
dualObjective   = 1.15409289629209608561934915323840115837454486962543609503736067345243862177776067086786450023003643727753627546962634756073065719662734162750698639187397321911549638310052283911956199357692323131006147351868799083642096033954298408387723251007867906058895035951494198584160453178165219990720720349974627502737;
dualityGap      = 8.774610065102322413947528739204613390945174377559848296945255793081450924208303996318215587087573797905590926263659170788919714742927218763986460291500294459238121006150235648202592966977268653017076759342404349380715399343235003995884190795225143689433707776471146195872944471469471848481933027093980299752139e-31;
primalError     = 2.037055117463342866219108052717815920792692230113264790871571250160235660072142108304596232075953839326403649523763284975217053474902192729657679338813301580745227253078548133554083089983685318823844192800475862168667767542113488639550544517553609675261245646098202332174479043308112879199402738558078722921903e-305;
dualError       = 8.288953306574669732329508393601599817451861332747573442038034779594834175484025460813191600923446242042132249786084363770678293872706103980871457341717396349610944193429355323242535121752790116678128995733633546158660092433045770661620207017136638343230630328864293771154255716674412808000579598812177349538194e-294;
Solver runtime  = 34;
