terminateReason = "found primal-dual optimal solution";
primalObjective = 1.154096935118100129381408139468434024535122981455891802270357176449475734781796711530914882630865861309357468413608224171512719727348570975129471972566536129200223861710689377422782881357581724204376033383708713197130358740260791426032267422903193928774598973189717693013118051837975167568814121897584567205463;
dualObjective   = 1.154096935118100129381408139467712610244058332019194607855165220828015506921991660910111046381807224738096800124754343499492283677795504472925680970360704502147676886401851031447411976495023469182721504472034513078187566719529342226467179480015085904273564005955779796645316784039390731455685475208075821444823;
dualityGap      = 3.125449297683241154309581536897978314624394639328099420070344428009288123670182117958422749351591682675466488512089744366477664367690850179705873852574430692659471452592874483976866785397572822332791707972021548504813129976856313949844807389009009465783950759014534455973612469690200997981496032998981932689829e-31;
primalError     = 1.063732123739136473265889962066772544925861944886296100433956269345339250103632389255540877153518497416946375332397520117319122715534380768903545649888678955454044696484608784389654784872750876178669977356114936342873773043973802951523503402514885324001231188774435986899184303488161390894079295331438429501424e-287;
dualError       = 5.177743971473494315373228882308454091965595231827318787810360597110698188376687602638187274689469701098996021641191217045110724730788486648725921439527956255593419827740426415929415696410284305022584881898911629031980965946527967780646315762281980031640109780082917520650928474057245686431763566540151522866496e-266;
Solver runtime  = 82;
