terminateReason = "found primal-dual optimal solution";
primalObjective = 1.155102215941153308583659059760008415448517349508933749070356206277036218713800851053057054817476704779519739442715014890258872981107847783104884184369974749877432306529307276956459558152648362625037189338268717837609353321294810211556401198567344164659757056477107050648589391877112655172024225373943838056441;
dualObjective   = 1.155102215941153308583659059758790951285974589867186431007950656747954171773725559271481221222696484570405350453908737879063911600474287623323002351540683485132632079970810357531492137559224266830099741931744529381878199907953471823937251639414592962823467079994710492724588857564484729395991006237590873219666;
dualityGap      = 5.269941247367425027174104243956540513642248224569131216415645264695695883376844639870100144429403740179967436492814693363555373278684063927554682686783496296641507949565510924859370305057791095273261229866542279588889961348603703135531990465191389484246107944543941981523297470435720578538845937254664083420642e-31;
primalError     = 1.29253401338985863238532130010142064104061904196526269059103183239230028368437517328880044230740538265268695952634308010934567931007133565080249478163015200471880104737315727748460780500788705413652572047511103760155563729832615695826653404803784123588841087409089601105415812416806820604845885547657004440245e-287;
dualError       = 6.555426309769228202963793651409938292193520903672451426865386745460114675923465283040716100773980636970495722638712128161499789223759027122767604207187008114197556440143749031888888471934626308359754713823889628670418862612607598387856792625962404895859454588066673670652799821829585564101682393171415543800311e-267;
Solver runtime  = 80;
