terminateReason = "found primal-dual optimal solution";
primalObjective = 1.154096944249807740397329422291203848277607264836160546658071372554669384883931802272548907874415597624511169191429797882975029969082568571151955403136934306559975415375629843018073542085282648219857213013366648108837390681948754515201107447752011900752277786627748311053362507199679893249283471460916224672802;
dualObjective   = 1.154096944249807740397329422289412904964787898251124221804098409001370516486594809315466209574709336801203079327286785897162864369690341032402763725952436090473796400472503936369557860220188479632558903445178006829600574222063627685705977129033220333965528416098428236661897161828192217892465507356799826816775;
dualityGap      = 7.759067909080745042874606124389656055771350947891588297567824535508551717936757211973776536432026112820488092101948777432979284733460006985257772037512903172964819047364166648033180531324857822071509101673398244411737158550514528017356118916204513255533926265324644093437825576667526782006590107408699829509341e-31;
primalError     = 1.117683883812512957259699704224184292644836707780859756382707415828464653896024992334236735033955764782798404398181604385453515966310526068312972805012691859762687338845975669318838871636445696101647057933540585698354514245230015802684115008008278466607675358641975790023566140397695987793723609616036394602073e-287;
dualError       = 1.514632526944116095224411353078533006959780675854835261554567911869555077582864130391102825978539229469725102977416067381613427415379722482853170315262619301531616250862110710626754665928062078165152230806298546886121918871604629805094630362241184643295099590240453055414391519957884860498505123724090902757681e-78;
Solver runtime  = 223;
