terminateReason = "found primal-dual optimal solution";
primalObjective = 1.154116750473600378710539784783892098872787784875977988805536373014404424216356370023326005050242300380400223994769218986137127320827475418512733263955442213345753473856260258945867247746140022970974644080708053468131815070610679378378211069960451127641045065835323440416846712483403359619583385149754577426109;
dualObjective   = 1.154116750473600378710539784782881914348536571095002283514149189169237062987337019145605041978403787529199508536036725197892098371755310251370847764931228844274137716911068283801609604471888517704756971518987538939273610672535723816412067904538935181276287997953526068525198033879733160106330940000247649862278;
dualityGap      = 4.376439921856593191705534799108101242688053188397872761336809175982011886226846819209467628190184298825613052194751203564795536485502283943108068583664019475743028786818095231340245771617804867989029229644782398136664184127750083034246704648964897916611835074385378486953626434304614584837550583239580859553073e-31;
primalError     = 5.612748808084415488845112029470989251992972310716232042570768409097973186818108649042429268609059049372859864471537833260497015172518603124589291242115295726302387488684475878634816596923917221991422147830912465669540626570159776180520205948147439001470772411013342854079872623424046682447289358834247491611689e-306;
dualError       = 5.008693146884826489287695993332613754616304600701578004604278760727391409432803020547845093184725238125784189935850695334054122591953158474760623958586936454746665269746702530504628602821531039207108329872224438445989024028290629771344418788790694527896117173513268683315831202923854918137869066137229774986559e-289;
Solver runtime  = 56;
