terminateReason = "found primal-dual optimal solution";
primalObjective = 1.151872038896995370187571057394972916354092981061678429896441653306354140964450495702934797070276503201832363366962501100500260382450745555333706996776336141427788699419622927479894406653107954907400757454096979301179802693947118224427166176316606535838614570162348749412479308809641045380534936005723358642884;
dualObjective   = 1.151872038896995370187571057393768358510046593862900634197450814787433094168761080994572879781657800440577908533043712143631682920248243062473400722744888602678272883485923114075456132867611321661141338816192622427892058015373248274632938475106965112130400117762784513130770711240078951647966599695693005516076;
dualityGap      = 5.228696432287055397737868495468730031963702028080952755086091018250760947556021047957146353496495841254824691320453087685063942017845944094304732636381550297765149544147598757709168084475315657792584229624797981119578707116435071144988210739073357862853867692375154452199553854032323292375340920533113795422605e-31;
primalError     = 6.397087343208203976384419062330661684630245943829204012840816323550712750090014813081064082160969184121693601726727956639813248214466197812961035607960941610750986731404506700128879173897427953706774499509959698235849078846069120522892206977571412142409700963989439328237714090126515049370052292031104673293798e-307;
dualError       = 7.92045308379934591649980811856173772520064745885014237063452252021670238521286303924710279622912171317676942096787885440590040665911514523590776934172599344926215336736366678028918909173081669113145575003212791870932974555738072332908655979651827867736262558859246555774175197155149125807839117087002428135643e-304;
Solver runtime  = 9;
