terminateReason = "maxIterations exceeded";
primalObjective = 674051621605124152.320830612510404163354197295228972290768099290229812180388225968010791263431586048610359921821623703572448519087655905607104675375239497609502639617631087201000071585286572013858963072103990537069167358479478052138990227818342896623698534681340175043574875000271533590009001188837201061046693509019223918441631985458489483267313999293495855749088884527049609770883564233110998015861922754542936552766332186261724369887488828908981973335697577566958767698052604498154929023226794320857118253010580419664121533622581847633669180342855163917670175845902642537369600171370156851168199691316342121523111982;
dualObjective   = 255758001364482240041.438920261623992030256072715861753305810660146679172322398095239899147008904123493920731667473613137286093802131551368151641571645260582294216739949846092002422468216854688806206579227239107304093833402451186694554541014906624292185851503913510078162785440738146846145156389451919364871735705490538138197178453938906086855071568850401392563939257543204604272742642219006586295521857867091632752583025363186015546992029358754105038544796905482768657495647326333267597543839071184231949778364192385861044189711515732654174063989178298573078848691137459216176009099931902534087088927532244955323104398;
dualityGap      = 0.994742844244656929849395897377591742487455282731890780495779962695933844345563747687748717759600958341075666146133773868879280140481647447290326854797102065171784447851105659161813758736591504316377202473525712683696501926812477642241157846614928544880091424239190343988178081077005077152792163669533471191663674819770094058334946427906016338610490233480241219991330139470970874449186779193631171140815297068600539728833246999784443461839682220439104227716777256058435178976174065439267908378975707085944469426381451683596189113932995952498126723721911075034800083372294623955739195108918443054502364323701036338781912;
primalError     = 11442476576542160217.7761145711255372692063953773590257912709982004380802153810321226176340239121362490559006986379471946947909459407259193790689271383317427469275821832361206405628620228787710718231626303021649239310626007185292470518627739234629324495827412040455291667651680645231199046883984619029537227164815368082142959748827965176953727130613481256714559761830654184376444498191986590721159509718486301890425815269485260729519739662939650060214638142160525555233818381259070441400738259479843194491889095211785592324743174958567388972384336265183569380851691342855205658619640315092039101876358685510987706021462;
dualError       = 27096250697067320704.336806131220768116682959995295695033189150194940990394820256557982476436008192217697397463410601684330416217869863466017231741897648187643909499770937071318651041110761221302295169809033938946162458360089222949708612529292753750270740017225307833185541724058940134998054870520179115257827263482750250358513120843984970449162213334326248418664664945725420217970532855516934561830306549448409136430730912932343492704058954945161825282142463216985997399979573463774403263272059242526770879740164188617461468112140119400538732905499039259731255673978834810442786578857717067536665598451595298019343851;
Solver runtime  = 0;
