terminateReason = "found primal-dual optimal solution";
primalObjective = 1.15187203889699537018757105739497291635409298106167842989644165330635414096445049570293479707027650320183236336696250110050026038245074555533370699677633614142778869941962292747989440665310795490740075745409697930117980269394711822442716617631660653583861457016234874941247930880964104538053493600572335865207627816621660491249727979236251940178153410237126280867260521873522761997946155845711310986612094940690127240621949396389632838905374397597766428657161951803058233247373566444210805299086774016503252216690368306057880622538877590311057340118187182052902784112213066222436492369737482974025826782534885695697978;
dualObjective   = 1.15187203889699537018757105739376835851004659386290063419745081478743309416876108099457287978165780044057790853304371214363168292024824306247340072274488860267827288348592311407545613286761132166114133881619262242789205801537324827463293847510696511213040011776278451313077071124007895164796659969566265000861285040287936053766806792336342442781806962638822022266322344142324466995529902277552034926911247664423402723098390985845949725575099975726038924274465618020594327697509784097729418929159101862344499514619762341979642527618360283120983240913455597154728560085317007356083738622008004451029215229419975222877039;
dualityGap      = 5.22869643228705539773786849546873003196370202808095275508609101825076094755602104795714635349649584125482469132045308768506394201784594409430473263638155029776514954414759875770916808447531565779258422962479798111957870711643507114498821073907335786285386769237515445233131986462534539953421460505554107213223776498608653215993221445020785427121641545162345923501029429110121526232079740820197712800253601375012340059798418185791290707462823241909711749611440071852079073839080252195425819655537510404512185366881821156802010562046367919158143811313230700072666408427732832005040963809266459042135690739513761977932092e-31;
primalError     = 4.51774522917856428220106772015794886668313220367205480709298374899685119244919577288247530197213930106973249937108664515820716241844329311825165781748255036277164916845557985600608763837345369964927695003470362667681616889647589167947777455668239918765926697451066673904232582834818836041960947259813638313165376040528221636381600423178112744752224060559436721879916755301431349640353945407120117115842276862819937878234945181433651460870100213074648070332881009826672681576199058512653441214504501465975445325012567132298475176732175207192183371612345653291084117181237238614052955010907561489066536738916075744017773e-615;
dualError       = 4.01702581696855255247808303553283766880987955829678721059923301076734425836204801802945465507531402623367610606053247766247568908493938691292013088680992419806334403906482453437122054292824535174638172474405100816097203202715561394816912773445012697447340522341711303966678503470952301859921905697819316053935963267616256450601105913469273569517812123806323992398162205345373798589580597434913134655256600890529199394135032564239533104151943828185127416991118124309973103877997543739016944093421787769565263301665319018224869039962801396946623793399084212708587961884607630419278308320368843458319970805180650213129022e-612;
Solver runtime  = 5;
