terminateReason = "found primal-dual optimal solution";
primalObjective = 1.15402991312976215483149749158559804598653270508605448780115302623980690183792891931368472635007774497367431606308263662669049081689519058299499510386134093896001201618111577703290536532994996604744682587488705775067403680671504987087850198946301694076297614915438665824605693841767746491343370975285928834203313418510256795762227386387188377784832228577406701427702116519900837896054183721704917633422595569009973713775982114473954217742114633796350558030914246453646227026923403213958983022107455169956448829974028598692625623796652135731422910932505331315780250356673884495578932376298994356729362957470234920380587;
dualObjective   = 1.15402991312976215483149749158420225693971389622130927398533424068186953503810663711748701802850729274434903632596137328499265124711434804427054130754108824688864897909651261254091777512326929394547438193194445232963105742628579858584906057488067823067292834339050521703967982207191911475564709589278862688298866485069789535333361508885287496816055811260580557715223663326264443102148286204223692731828071538896090431452068530472488194538584619121098896263245437261576443090786961012516421998384774232829193318962292950480935405625390914894475195863619062168184778603896821557985015169929134064645590982246212878515895;
dualityGap      = 6.0474560968414978939554048984121041233459295782628661716901483401806839059141716357680966126758336984657136170636252764949375694920788029330480542379643161048589041419956785357935061834898738187515716905108888915445252238170387759090147968494405739205159306037418811335034503436464844696991130081685558438772390488241913325541522777589545958302870798150995901529825723418617707482813731076771899868484701576547868846818827432282003949688171434522177027539246026436532023812764253948878159353712659781146487570909810277159309424373233631445836153618122254719570926885685066371538521262106321864261406709749264869101621e-31;
primalError     = 3.05411954876660475789894098616157228179195307193446444835669517826020008695024399166781035825102841791494929923237158819941812966233118514227012757935292959455864228031894336840959486237986219284509339019469347913014901280878198978605792019688049862891760034509727950098272300861620678885900996537969904804859059008220105996649753162792326903472907635460386331846217696905830645270568043915635312050230361139454300469738281434297954788958074596099094277683940792259538312818978404624649963341586262292409427764237947780533284246188121184588140402589989835478287687436904900350733059312168330951855254631034360794072289e-614;
dualError       = 5.91239762399138790321322867260409380050650520466794883944219846064597014529547035672149514090068181819774538290361832925818290541484342258618376294398886280492523183530047530154140023681673639980625563724793891380740164118532746812167533775766687082873698385827710034211343987623431148305195441014738621966441189495245140889346647904160297169249781734364533054350621653245432591305920062264848082137706743742259149057524069885113411554216055645758098666787118243143043827277083195022503082793057009587147581518391173866349827799959071703251397735564941023363799008670906744044514256314923125722930112185493367591503646e-592;
Solver runtime  = 22;
