terminateReason = "found primal-dual optimal solution";
primalObjective = 1.154029913129762154831497491585598045986532705086054487801153026239806901837928919313684726350077744973674316063082636626690490816895190582994995103861340938960012016181115777032905365329949966047446825874887057750674036806715049870878501989463016940762976149154386658246056938417677464913518203098253295005113;
dualObjective   = 1.154029913129762154831497491584202256939713896221309273985334240681869535038106637117487018028507292744349036325961373284992651247114348044270541307541088246888648979096512612540917775123269293945474381931944452329631057426285798585849060574880678230672928343390505217039679035452478954919242331498229487817869;
dualityGap      = 6.047456096841497893955404898412104123345929578262866171690148340180683905914171635768096612675833698465713617063625276494937569492078802933048054237964316104858904141995678535793506183489873818751571690510888891544525223817038775909014796849443982061982673446018269828904018702491428646282011579003605187799494e-31;
primalError     = 6.146766534126143820786767881630766227405584146027191681903566989150902251173449016047457226772061694308236026006986427901733599371291433550714734214605948243373774207132156437949923032310137294648683323442178666565750636630353372328518164095840356884663234404528983006697977451817216634394702419734235359990998e-306;
dualError       = 1.512978868272380170314408297959382328347842136279583837256469474508770048869029977120632325666275370803042095405895198817261963026887391234696045565143977969375347389705119008795153103005631598616218930000291894089346460440229811654457409185091419498234561388834263546025464595407230740935529915876457899073091e-283;
Solver runtime  = 25;
