terminateReason = "found primal-dual optimal solution";
primalObjective = 1.154096942831207375338156952461084403958691208054665466148353164734531393945629769704043157331114775172156700318967262416025195342735498723134771737122881235148175807664446495488541068144811279245862833662131339452214755912535404312387914287698145792797858843003184206048884183680128331066432571648497696149519;
dualObjective   = 1.154096942831207375338156952460347010350302894869385005599586117890906936637543261581158650920379813640819855387230702350253199891317336977205974513260112824500219444721412012859518720133213428197370747346440623693137963252380639231537021364916368451610330979136562428736326157978816879656651106968901627154661;
dualityGap      = 3.194677938316663577333518605967405333043078895022761433854643514439698944451258920558114413690653362799342418186692608841540239849965989049713903655308813467097947488968321009266314689036363600403619546082263051392319372849731307923327837095380322363500518403944380102913328987447536746964089265750381211960437e-31;
primalError     = 7.403855908187679370963299229749035502509418219911564447386180998755916478460036579742440746412120193883216371690430768878752973861517471377113471053590769823482452938951149713902277499763318488508553962637673638787874588871892329167588644990214340806382983778164970979213567818133520005180253301075555758857759e-288;
dualError       = 8.146195389840457366764230532904026837888937843057268133712947295300557973151632286488729598727464430163405056655477713324375829210474127009806533424456292774120934403703022463346403707477726123782296774962078997164960312701902115648226410613081780930524473828609709252275946557242360360834667341062363914935813e-260;
Solver runtime  = 123;
