terminateReason = "found primal-dual optimal solution";
primalObjective = 1.154092896292096085619349153240019664034600202595597343553518870902862355578082545257992381177057485090225536507514738295152660933234107868120725362390888837213767320458099824927255168908847959422520443639723610089274488305481557526038191178129123784023750582719736718893213095509018918895510214675624046042052;
dualObjective   = 1.154092896292096085619349153239070165719014195936015661296041025321498702487489422905573006521268127311781296346089115782703034691530018630407515893558683520130261722616157302377381444338074599646054736051580143411300106640723162447662306164000131267981280687695019825730570122252040879896505355118001324791265;
dualityGap      = 4.113613031657083377115453124237282885637206278335322729712590046621988208048734512913606103345859359118004217196685267840307480175405037477158032237967923591201322165108122333912773631831201575717006349515512751934387239482501959350950692084778308565998512620555224033614183963391005747627576899432185380673715e-31;
primalError     = 8.796829499608220668047235047973659467890670378757828892092579942663562733036825587309908469155962319800040227626650078808870148457701604540362244965590811359340530797428771213551138717914254405210341907413087188513192811554064093212958031403766461880005827047350347264065322662718322520933739734450425156823315e-305;
dualError       = 2.285411222047434365343295944469725961623133709765555166818087710532543613377792570836807286396452351998230642292522651744087121745234654113025324482465005161075949818766162213511037232288535121862221402631190147203600033285284857662410601731816969014262973620814839747458096374073828468768760529114462469992058e-291;
Solver runtime  = 38;
