terminateReason = "maxIterations exceeded";
primalObjective = 135353827383376.513540516516230019635095950527027434863738637989969064990293517530484797327188125704541570297844396133650967869092100090663213070979976101778103854052922443698598319032345561554738081615696249871635854253321886603204357121588524782218128995752587625609409065754795917704966736212641519821856182392403881326213544585771033712804681901943041233832571762553781354624573068257164653778588440595393883894095585123000319126377469825752098904483092121888562099951636094855680714182260210281060414863186845802182636437375356777466826300018316655828005383878206242673084108678276939386027239480359083035519961111;
dualObjective   = 740614602824898200956.415051485758783127421479737497486903321068940989744887559291390988817296508065583797223262855424784751996721350144965492634566745354435742904174617965254850581470539967644417352120685677504185144102822208850446132230487889400872920938337136741174429432903526243536689037066070591438433205919553976540020061588372236987496655094791815620117821747145317889135449777306037362677727467300829976434553010140174836734578153942792763234764114408214876666753990408196674276844367644524605643222606735614891909010577895815549387108017276226445648075642847818027031154693137838215234218253329094363363293795;
dualityGap      = 0.999999634482490272255834353886371639408087112749404260140045629903419761252930443870187030421010786641872934232151458375784079591536771964894317655736011727735132738380904658290433402980529045451484916837956083709892227919751618600224728211976825396867097951747085247628301623145996737409603827384635829800070184389614298595749846384034991146394488407502214433793325146173987302042367445300965408329149862332771215385164868092970006719979517194658157520344159694014169965453341089822568025459092097489866869447156055253237344145470056931336625960580300853090784218692231258204532458228238399141846215838133171901361646;
primalError     = 15255844169612898342.073197889157872040926985287976768454513736356395839587047148051368564963742258037004771769194186610530425080932426645616660288772410570818340123769689221583663299457922617704055413568912587259693812505765065329564458304378681892791508035379052762828873498475325453306579081014334388811267604919358690881926816709143096103275579759925244163384990387473827572800520653520033408375141878776349215098441147861316201949859621036614247367669019796292856358996959587565813244911027369723242231338012805132743250053264452214005472040667496153610489189088314243198192116699041813410240016319707137648994705;
dualError       = 86549068068592166920.5549297042020884142168649719859538242359312063136359412571346717580297668487473909871426630858508538995632252635148446525036650108044469445418035975470946035222446391541387892339300327137595258369659725910389372824637005768956719501957012988399386292648668985338666230485530681527546215515646055471055123206845120785443542231374419876132822290413649601792235853373800608702183083912348194538226152898599387856904356879977216497784518586821271439422780984665503698387978110556420044766341709344456440550145834760215138210939553644059403252065116316946332265195550236669501125012941911201659779802043;
Solver runtime  = 0;
