terminateReason = "found primal-dual optimal solution";
primalObjective = 1.154096935118100129381408139468925460318027357889598153442998246534058665041875973584209379454362161113936390285184207336206980719516857331825221880013124263143943866124273281223906692215610614837618570290171800430918837785539359824846129131239357048675461547337666210247689531267339711176604684176728787869318;
dualObjective   = 1.154096935118100129381408139466654705438212667563804380068467110623884805789254358553589685767768989185483037409278109566020874880481488547723905239474274520510371011420538098459402326893805515833099850655737690248394469225006066961336569517740905308371831752657199348269572531243404450347252950686947010785213;
dualityGap      = 9.837799628080293116855227919476489395253823012312869856094109209921651896842672843354197587084967763879277321712530438712813819585441902037763201227430106291671201007426097956649371042828694503204730711045898432682913242882895652852981152534348645431988277061641706651274870455901687111915917942117920386597914e-31;
primalError     = 7.151582001843018451268210715811433682986392261565621506033209304463128781560026577248454307740965623078742963401720168983133230413917868972363260830455045408639830760966659182034884353462195069334242812179785059719386511575289989081526755661942019913529526639341907839442914512335088553536916753782608213710848e-289;
dualError       = 5.869131745183475818168792552587910848159652219731120853800617779003919589187102026837335352196478131014802354158065269025070725535338681667715797180858977455347448706222032739422108865954984660442680260520181104546319797657347914874460044818317843913454701734204971528128805966891561194396655124316950629594297e-251;
Solver runtime  = 106;
