terminateReason = "found primal-dual optimal solution";
primalObjective = 1.15402991312976215483149749158583030182817088283794342427316511921096923522225590558861025833863579005079605825513353062934209448599331210116366032062443724434745457323901052706259722177479686325141822909301498722573992869611459083222216175417377256751481952340987429471057560755193313456773809179895718754334811161733992381343218794096220808181398824220453907044413756947807904727256840535835486246163137259584870504774369268406656434246208933910891889522802606436683535373219455591279889703908765662175964718251179948765396717066263754942617580828391138087830852453721832754367831087211472768172409115147277688336907;
dualObjective   = 1.15402991312976215483149749158402664703060386629066019821042524014353553945799399117343331038561599893629734308107045264885461823654854610003223815719870968466073514347063128980357028418046586881994756028957939535237738152487711582501067435575720434861352038677785707035641151875730680059479735606426710930074217457772795842169509675813663770543612835541313208818672597882947445880372840938919435436455682619937823841119524392659017554786546715361060193326697861354735526561481075671298720224353548380503742176495017351226362220777489070203911316728019989846601711862904989378848609463218594863839270847947796147217872;
dualityGap      = 7.81459291932673180203200760109751127109448860138794631828953484744343302663787197983659389528795100649041807602420005499171318103981020280429500673126232414318078094803028628701198348401151370598523738793651082855769544283109918054378776491470690805781010707118728753211318037699823770368555403967840051672179553757477124451460253286739318846213249597158334440611263959950674788446328880578971854823641191715193807733773605749272683633121477787537446364853649811108039287458089851269330221123416112586360615655837921054057906260819642712045801000877504736878733662318980126071238514085945874016633651865993768334302934e-31;
primalError     = 5.0315322871321180016604546546862643128603332079317393975646195903297094999265686509569091279779308215710392240314313156430429153843877065202232110917701493478598262507834180834492480515144325295181479801654064102317207769966506041569506988306128882430952837084651549406391899667374475494295194442428696030590403853663834085482653623664759978420181696285952797833309208149456775645558347347488458253544802020174535898093051710001557753955203490602257129376868433199815975519009362177576013167632483604331785183931307514643538125469011129487313480742604203618139780121111513842137721993548177694210739544293193737546238e-614;
dualError       = 5.10286487064037289268136024075098233377272499868533973729508984391351272989218385173658806847684695689761886719085972881190605335988046230013467460064966968453717486982096378988458552697203686105576084637087876663047807105774311764643370996023234297140769285756763144612867551133605893690754627880412008125222490469309844890040051810776533378713521192120946943561931782732066639914390455069889677647543370027514212679438686203346504283307431887531384342958083304369745381286451234513427872026412358757471584798224481795777948484758622093982590479148095017799683567751540625901748928720397436022385636126949522268751714e-609;
Solver runtime  = 10;
