terminateReason = "found primal-dual optimal solution";
primalObjective = 1.154029913129762154831497491585830301828170882837943424273165119210969235222255905588610258338635790050796058255133530629342094485993312101163660320624437244347454573239010527062597221774796863251418229093014987225739928696114590832222161754173772567514819523409874294710575607551933134567738091798957183679991;
dualObjective   = 1.154029913129762154831497491584026647030603866290660198210425240143535539457993991173433310385615998936297343081070452648854618236548546100032238157198709684660735143470631289803570284180465868819947560289579395352377381524877115825010674355757204348613520386777857070356411518757306800594797347500343437712379;
dualityGap      = 7.814592919326731802032007601097511271094488601387946318289534847443433026637871979836593895287951006490418076024200054991713181039810202804295006731262324143180780948030286287011983484011513705985237387936510828557695442831099180543787764914706908057810107071187324636539895363094662445069740173976488401317389e-31;
primalError     = 1.989672730079234815083854548491355551497119116897461138936255758521168423639770449263161465952621867423068714765169821065226986726376904312357722923466503240261163280443225376859433313471645763596366673102021553799238870180178111677987458564174958931463266857499065824705485652795955731811913085067431850150786e-306;
dualError       = 4.096154754045644588839317616963092321705074815629684521626731019472969186106146274186691296633739795585630099019898941063916488359857956482904900442599994716188488895421806459416370093276711875550428279746720965153191275501557919212175522403061135441330418633960137116830097847186845725351481397198685877181955e-301;
Solver runtime  = 12;
