terminateReason = "found primal-dual optimal solution";
primalObjective = 1.1518720388969953701875710573951588103045690782242217839461900588678080055009404756657821422161320798599687983654915854699700251595860165474881242445480191067387248517176823121043866822372180325388611217356608118471109652671116362626744002909218090868873480966916665071058981005049261096384818548859938735843677907105650756173263829029508884053497491233512040596577043857642889491922714112185711177291367369797067493659341016908377857884012445990539024183992086517721653776812674326125365623866976923648706139442704650638300827607749271810074508908008566046842159068625820240456883477605651728924824495783040300858199;
dualObjective   = 1.15187203889699537018757105739315565904291643842466550233081525256058255964393649037347241798574637109109418812370641231894795558925373886976976622264658636412617067618973346189614781891345029159191261874617358485216350062040671118661070012177878140791082116525392090379001376889685565680406837164854483635833594627848000877345751538042198869337807045419245783503458635653394594471115158539188614057843606866944896410205588716480741322753630396054947120613937761911367464047050608908799164408393181555885819189156195298237425305706059757975559627163540321108274028322998395946672666439555827678916110382234249294407757;
dualityGap      = 8.69519874608124307961173007271399655089320380431847969724709941038278753281357771130205235918519509583723189380397588028547109459108451730139032336995441065558593845321213768081752768383403063761981017565470917497631259817801800129305042829896503865302629153119778555562549180589781548384524990083394557049296794407263447214869719862895332576284369981664465953384219324006891215696922133122485235353926302702154132403425578995047912144122080253210095614463493284298006475507299255636634162038495830564996056934859789438600485584146349804897220267615749613247022696199445898745944509996256118645673083216827314070298306e-31;
primalError     = 2.56830721932753996864855219707609421873082173222452430814190172032012773269372088458387294564169563006019039347808350375432324986801913238914306574555514849390443069165625430170209091770545655528006840310192055489161467135895547266710037868633314474366930930742729684479803454625273721859470949469620082054744700077834536957668992021395776423386538335797487999424884182808347959042119023758842258360376088901466129067763701712732829255152180258117779382449514546682286524457702204496919422060300504258054533986137281314936804381292948919157200135916607460432602614561936238390180789492502243860222757187192015662695035e-615;
dualError       = 1.10109800342273694447600867583525233308866955720591438450068508390849834539307455154927704968084650449168557981390109709710976513161159987031702433657131153448335980282344306407093036041418835229556275361186166890260690494215182685844475161724468346577679402710335594780003705159854618700279060270897104174331402986744478901084954668500445101780766997345785063774610590231874391686048517491656131890917023323233082092590082745295624011731283090331739958009011044703752283760394675491061701051044812069811730630645292731406197159518830294968332385297426817571425405997189391064823960906313045979804490329923697784729093e-610;
Solver runtime  = 8;
