terminateReason = "found primal-dual optimal solution";
primalObjective = 1.15187203889699537018757105739515881030456907822422178394619005886780800550094047566578214221613207985996879836549158546997002515958601654748812424454801910673872485171768231210438668223721803253886112173566081184711096526711163626267440029092180908688734809669166650710589810050492610963848185488599387354692;
dualObjective   = 1.151872038896995370187571057393155659042916438424665502330815252560582559643936490373472417985746371091094188123706412318947955589253738869769766222646586364126170676189733461896147818913450291591912618746173584852163500620406711186610700121778781407910821165253920903790013768896855656804068371668273309859469;
dualityGap      = 8.695198746081243079611730072713996550893203804318479697247099410382787532813577711302052359185195095837231893803975880285471094591084517301390323369954410655585938453212137680817527683834030637619810175654709174976312598178018001293050428298965038653026291531197785469988924234239108628576438324759515891922124e-31;
primalError     = 5.062043028103883146530279431931219246098716355551804914508819873418390089201663895568494186753462571783253197888106470036721787717534121747647428176734310318072519935285305301841113085431877772063621560481794195995324053695585130152897311608339117434428545980200338946692452019143590169501519639781135002345527e-307;
dualError       = 2.270596264509290390139602849578398733817281585789814037895030320187239275890703988934608396554708627700558533201358643076441087240082944290359720893234598124493988917653293234702028286458957595920806712579712144420958278339794074940263591633365456624232689379540823354533405325629938355349198406921510496724893e-302;
Solver runtime  = 10;
