terminateReason = "found primal-dual optimal solution";
primalObjective = 1.157161019304314370591076622749580956077340462220934623655967854536360547823908666151471158851360435068528537266958998206006036946736063548857902318304540934162773050014293563899405170106683440089462220819344434069554652060925475826183473028074427688076314379633530833223834063180262296495807039043005387322157;
dualObjective   = 1.157161019304314370591076622748518033703038463451825414248966235206440526087022996137506539426534906686596193263944514752231393285505491621973545762211432998468346499535175269096079740894472583722088576272594966019458647490409359101018242956588037411062319889069136258836095018896918670725934021404083831433615;
dualityGap      = 4.592802369634902196080108821569915159376550385725565307531029808450592919122006855775209357527311999487174162741186242890270381464182066354434662908559540165651718628122631628498899142056267359499007682204850821526606113332619613784330375315055684423853360517946200306907545237907249486366589320531216092923393e-31;
primalError     = 9.417095596053398159786024773822034846820374173957132383428141461759077680487270747612510356119380715506221805372631943908520636921331754449463167355334858983500590821447928984241488219619676943548176709765371766984336514277150609573619460561467719364418516512272013019758423264171056220011456630177673713525742e-288;
dualError       = 8.598143022610748900338649220339622108829158598613707577270427014822394830483858099904709952715456617150778701051867571294763472605374294282913680181439728937653760312348015889312580464529160882886945297488986170102501435389417439080512065194392493546147628906713102528224362058189498097199409260691672799050086e-280;
Solver runtime  = 85;
