terminateReason = "maxIterations exceeded";
primalObjective = 159238281446.6679311932268220717812676441815934846861596751409218491110249384977158920153314972983089136397821278844093373144562934872356512670377141343104352919575201909461000420678345540358707356123053949979564790716313272829244453731562980153546555547606993759753407064003475335525387337169929546834423533595;
dualObjective   = 1349448564330062872951.864627449533784430870233722294546251411621628678038154064115916291106549540558097385985307143594407482070682053535520532061335340490236824742820389553667253719331331992875095374624278586134745251952779719402742482489652534643033056384254552408895607712894891855943131035529703695888459479;
dualityGap      = 0.9999999997639950337685798893735136911001159511513715590491658817500835161353029882838032492201713678917388605318867799600498333229604908053786764534212357431321376241121295889226197034581053721171286645943930684748596922520690519471549529978915492568987121474736728543016538456506319704903834383545169478881726;
primalError     = 14569807961541577645.09328273245101195617736959760020266893404777703504529244268008787964466759436361888520863651497085982389576847945382132258381337121789845973793321684337849972184126257777409243240225817298859986125425783455391531685491923079161382424466404146560246792209134509986489147843424950450697143018;
dualError       = 132430455219282840478.141601037463264652557857795731223333880804773417815672408179890592849545372959234573044957527179182667897730695932949695332015179959577641547232478851273606302814942050921567773231881206319084044421820730353488305544851742277426221186348980318888488412565631705437977940577165942363816578;
Solver runtime  = 1;
