terminateReason = "found primal-dual optimal solution";
primalObjective = 1.184531430272659622197783720080358829663852124293825064869256687040597218560150640904661391012604229446851885815677739316639975361663007143082856330426440078253652528173825866375311161181991029322720845616703362152137705872544687647049620327343484188548125304178574483570820696207477240838784849959524449265272;
dualObjective   = 1.184531430272659622197783720079294410074585980763780475697033084962050499980944840882140685240015099067916970803093765977915796448459167395209047491834691526028883694297571761046990133657150610214747337379503257060421272843968569350190229408762365796252955156999598726457954409738084075922264783876740949487319;
dualityGap      = 4.49299850583589696314476302441268703229921676342094434768667080032128175349249590234311085349700874990102095945893718391163822258687094068286020568685202752019105568283333265255587085111081763708274421722759942944947401630381438188114513562910048757075597007717669457759064136540444822472798660375208089806516e-31;
primalError     = 3.159604879080225963988130458612013771191286692256511199385724931979830297435763838113082085797765649200975622418070851627316456509405913354575537587236360726005704750815443309281046409368468763222128622366658355302575892856145443875654585707183097475555400128300870902990453567992922215688860610324928221244241e-306;
dualError       = 1.993253912959068518298184429558236571895916958852190986484870603363043066297899030638978798997051022915327290393718193770859335661359648690875549935587110220083429155106437305833131022898034700550485341150293527038845969075776745240933386099659845124315944205650791998301202102239945615324156263678348106845157e-299;
Solver runtime  = 19;
