terminateReason = "found primal-dual optimal solution";
primalObjective = 1.18453143027265962219778372008035882966385212429382506486925668704059721856015064090466139101260422944685188581567773931663997536166300714308285633042644007825365252817382586637531116118199102932272084561670336215213770587254468764704962032734348418854812530417857448357082069620747724083878484995952445687246540965374985126454099270263741461923227011077779103996646627963459721949127618106065949463061518761398046506255403033959497866834813862556235053539498739301751551259775884871589173053967911811821205173110895293668360557920058538697768649953733359890552057970688882677370903502074320569104123527471695522661964;
dualObjective   = 1.18453143027265962219778372007929441007458598076378047569703308496205049998094484088214068524001509906791697080309376597791579644845916739520904749183469152602888369429757176104699013365715061021474733737950325706042127284396856935019022940876236579625295515699959872645795440973808407592227529282856517490638594095954573549552967830709335188658863900193008619588652696490837976683584566462150127732752690036912741010015442787409937354931496655707769205473226604584002452430050930782623307823876261066142368659740316695205362279484946871376593029890012267515442328790721780473213066826030829241252285320296660205701753;
dualityGap      = 4.49299850583589696314476302441268703229921676342094434768667080032128175349249590234311085349700874990102095945893718391163822258687094068286020568685202752019105568283333265255587085111081763708274421722759942944947401630381438188114513562910048757075597007713233546834438512938364698947116530095261346744778048869448181764923149423130986970332459952015350243260399658520004805019122595765175033854530254998227416520792159647606209639171120047228363011011309166215722872732275731293007475888232220474151609298477962998074532296724703757521047393332411985023983092393545987421416645740809601314470317028933144725959429e-31;
primalError     = 4.23925408491413223740785121686054105983280213632240759295711488775731926962698507455410353678207591949694076995780048210050946062552555587123614466435006438150490367176996191967694524970659696473939001475859175927893024067683011753485243228948964855280355873635589961129314135947740962587319519004071701704819565188714838110851227794352064698842840385593444047243483530659562293840606099457366137293632821439769393762453338971619248288624683076652238257778114372234617516273556650796120009906761073293415315133744669158389665063098000023187185766512954482882729616807051381439214074222563944684945996802955495732400239e-615;
dualError       = 1.68984840937246702432133339942121136237652426837504155444805175859340733509112188755161589116822948334859942344924259275841243821246965676801723108807873411422164996734481499430971636196004309358544948345242072440981217177445304542776587908785733236355926611361160933401489088416604099246810688223968409905500478819033740967472456408196059355930215502567597916936632770461765012982121770262912497173387861228563896428459669834763145244013201105280422963749798433551448037073881447444171554959684207260697632164406395431478663737890788026570880390703416504246269645133458761380759755754340932098856551814433195779447437e-607;
Solver runtime  = 16;
